depth	min	max	median	mean
0	57	490	257	267
1.00286532951289	122	496	288	299
2.00573065902579	168	508	327	330
3.00859598853868	201	529	363	362
4.01146131805158	224	563	395	394
5.01432664756447	251	610	430	426
6.01719197707736	348	633	507	498
7.02005730659026	386	751	565	569
8.02292263610315	408	920	626	641
9.02578796561605	424	1100	678	712
10.0286532951289	444	1277	726	783
11.0315186246418	541	1297	779	837
12.0343839541547	632	1327	836	891
13.0372492836676	712	1362	892	945
14.0401146131805	768	1403	961	1000
15.0429799426934	811	1441	1025	1057
16.0458452722063	1012	1461	1161	1183
17.0487106017192	1210	1487	1295	1309
18.0515759312321	1325	1582	1430	1435
19.054441260745	1359	1767	1568	1561
20.0573065902579	1379	1956	1700	1685
21.0601719197708	1497	2003	1786	1777
22.0630372492837	1600	2070	1881	1870
23.0659025787966	1703	2153	1978	1963
24.0687679083095	1793	2250	2069	2056
25.0716332378224	1881	2360	2157	2146
26.0744985673352	2006	2379	2195	2198
27.0773638968481	2112	2411	2258	2251
28.080229226361	2170	2460	2318	2304
29.0830945558739	2194	2591	2361	2357
30.0859598853868	2216	2732	2401	2409
31.0888252148997	2277	2746	2443	2457
32.0916905444126	2311	2772	2492	2506
33.0945558739255	2337	2817	2541	2554
34.0974212034384	2363	2887	2590	2602
35.1002865329513	2392	2988	2636	2650
36.1031518624642	2445	3007	2674	2687
37.1060171919771	2489	3024	2712	2724
38.10888252149	2517	3049	2755	2761
39.1117478510029	2544	3079	2795	2798
40.1146131805158	2584	3119	2838	2837
41.1174785100287	2700	3129	2884	2892
42.1203438395415	2774	3148	2942	2947
43.1232091690544	2812	3176	3001	3002
44.1260744985673	2840	3243	3060	3057
45.1289398280802	2871	3345	3112	3111
46.1318051575931	2951	3367	3156	3156
47.134670487106	3002	3395	3206	3202
48.1375358166189	3039	3428	3252	3248
49.1404011461318	3072	3472	3300	3293
50.1432664756447	3115	3525	3349	3342
51.1461318051576	3261	3563	3414	3413
52.1489971346705	3361	3623	3481	3484
53.1518624641834	3399	3735	3549	3555
54.1547277936963	3419	3879	3615	3625
55.1575931232092	3453	4011	3686	3701
56.1604584527221	3573	4079	3788	3804
57.163323782235	3656	4162	3903	3907
58.1661891117479	3718	4269	4022	4010
59.1690544412608	3768	4395	4138	4114
60.1719197707736	3841	4522	4237	4213
61.1747851002865	3985	4571	4313	4298
62.1776504297994	4110	4642	4397	4382
63.1805157593123	4200	4729	4481	4466
64.1833810888252	4262	4851	4556	4551
65.1862464183381	4307	5000	4629	4632
66.189111747851	4416	5031	4696	4700
67.1919770773639	4503	5061	4761	4767
68.1948424068768	4578	5115	4830	4835
69.1977077363897	4626	5188	4903	4903
70.2005730659026	4682	5266	4970	4970
71.2034383954155	4793	5287	5033	5034
72.2063037249284	4868	5311	5101	5098
73.2091690544413	4923	5371	5168	5162
74.2120343839542	4958	5473	5239	5226
75.2148997134671	4993	5564	5298	5283
76.21776504298	5041	5597	5323	5312
77.2206303724928	5073	5631	5349	5341
78.2234957020057	5093	5688	5378	5370
79.2263610315186	5107	5743	5401	5399
80.2292263610315	5147	5786	5428	5430
81.2320916905444	5272	5809	5465	5469
82.2349570200573	5331	5832	5512	5508
83.2378223495702	5364	5866	5553	5548
84.2406876790831	5384	5892	5581	5587
85.243553008596	5418	5963	5618	5632
86.2464183381089	5505	5979	5685	5697
87.2492836676218	5564	6001	5752	5762
88.2521489971347	5612	6034	5818	5827
89.2550143266476	5641	6114	5888	5892
90.2578796561605	5695	6201	5952	5954
91.2607449856734	5808	6222	6001	6007
92.2636103151862	5895	6249	6054	6061
93.2664756446991	5938	6300	6113	6115
94.269340974212	5959	6375	6168	6168
95.2722063037249	6002	6453	6222	6225
96.2750716332378	6063	6519	6290	6291
97.2779369627507	6098	6611	6358	6357
98.2808022922636	6128	6720	6426	6423
99.2836676217765	6159	6842	6489	6489
100.286532951289	6266	6962	6597	6598
101.289398280802	6575	7064	6814	6815
102.292263610315	6824	7242	7039	7032
103.295128939828	6969	7493	7256	7248
104.297994269341	7046	7799	7465	7465
105.300859598854	7213	8074	7705	7701
106.303724928367	7587	8252	7998	7980
107.30659025788	7937	8469	8301	8260
108.309455587393	8160	8778	8569	8539
109.312320916905	8286	9138	8842	8819
110.315186246418	8397	9404	9056	9027
111.318051575931	8537	9420	9104	9082
112.320916905444	8680	9448	9161	9136
113.323782234957	8771	9485	9218	9191
114.32664756447	8810	9538	9269	9245
115.329512893983	8869	9583	9324	9296
116.332378223496	8972	9603	9360	9339
117.335243553009	9075	9618	9398	9383
118.338108882522	9160	9637	9437	9426
119.340974212034	9245	9666	9476	9469
120.343839541547	9309	9700	9516	9512
121.34670487106	9393	9729	9549	9553
122.349570200573	9463	9765	9586	9594
123.352435530086	9498	9812	9628	9635
124.355300859599	9521	9874	9670	9676
125.358166189112	9545	9930	9708	9715
126.361031518625	9572	9950	9748	9750
127.363896848138	9592	9982	9788	9786
128.36676217765	9607	10021	9826	9821
129.369627507163	9617	10072	9866	9856
130.372492836676	9652	10119	9905	9895
131.375358166189	9698	10141	9958	9941
132.378223495702	9733	10172	10020	9986
133.381088825215	9761	10254	10065	10031
134.383954154728	9782	10382	10101	10077
135.386819484241	9867	10578	10206	10193
136.389684813754	9985	10873	10430	10423
137.392550143266	10067	11170	10670	10652
138.395415472779	10133	11490	10919	10882
139.398280802292	10202	11841	11169	11111
140.401146131805	10328	12062	11361	11295
141.404011461318	10551	12102	11478	11408
142.406876790831	10756	12147	11587	11522
143.409742120344	10927	12198	11698	11635
144.412607449857	11025	12267	11812	11748
145.41547277937	11237	12346	11913	11874
146.418338108883	11579	12376	12010	12016
147.421203438395	11874	12438	12131	12158
148.424068767908	11996	12608	12315	12301
149.426934097421	12050	12878	12448	12443
150.429799426934	12165	13042	12559	12573
151.432664756447	12358	13056	12678	12686
152.43553008596	12549	13072	12794	12799
153.438395415473	12722	13098	12910	12912
154.441260744986	12880	13144	13030	13025
155.444126074499	12971	13204	13102	13097
156.446991404011	13035	13214	13119	13120
157.449856733524	13089	13226	13135	13142
158.452722063037	13105	13245	13162	13165
159.45558739255	13112	13281	13185	13187
160.458452722063	13125	13313	13201	13204
161.461318051576	13135	13318	13212	13215
162.464183381089	13142	13327	13223	13226
163.467048710602	13148	13340	13235	13237
164.469914040115	13155	13353	13247	13248
165.472779369628	13165	13367	13258	13259
166.47564469914	13178	13374	13269	13270
167.478510028653	13188	13383	13280	13281
168.481375358166	13195	13394	13292	13292
169.484240687679	13203	13411	13303	13302
170.487106017192	13212	13423	13312	13313
171.489971346705	13225	13429	13323	13324
172.492836676218	13234	13437	13334	13334
173.495702005731	13243	13447	13344	13345
174.498567335244	13249	13462	13356	13355
175.501432664756	13261	13474	13367	13367
176.504297994269	13278	13484	13380	13379
177.507163323782	13293	13497	13392	13392
178.510028653295	13302	13517	13405	13405
179.512893982808	13310	13539	13417	13417
180.515759312321	13320	13561	13430	13432
181.518624641834	13335	13581	13445	13447
182.521489971347	13346	13608	13460	13463
183.52435530086	13354	13642	13476	13479
184.527220630372	13361	13680	13489	13495
185.530085959885	13382	13708	13508	13514
186.532951289398	13406	13725	13535	13536
187.535816618911	13423	13745	13561	13559
188.538681948424	13432	13785	13580	13581
189.541547277937	13440	13827	13596	13603
190.54441260745	13476	13860	13629	13637
191.547277936963	13510	13886	13673	13679
192.550143266476	13537	13923	13718	13721
193.553008595989	13556	13964	13763	13763
194.555873925501	13577	14019	13808	13806
195.558739255014	13643	14056	13852	13854
196.561604584527	13744	14081	13899	13906
197.56446991404	13811	14121	13949	13959
198.567335243553	13839	14208	14009	14012
199.570200573066	13855	14327	14059	14065
200.573065902579	13887	14399	14102	14110
201.575931232092	13916	14434	14145	14151
202.578796561605	13936	14476	14189	14191
203.581661891117	13952	14524	14229	14231
204.58452722063	13967	14597	14269	14271
205.587392550143	14004	14646	14311	14310
206.590257879656	14046	14664	14351	14349
207.593123209169	14082	14689	14393	14387
208.595988538682	14109	14731	14433	14425
209.598853868195	14130	14785	14472	14464
210.601719197708	14166	14818	14512	14502
211.604584527221	14214	14838	14551	14539
212.607449856734	14252	14863	14591	14577
213.610315186246	14282	14898	14633	14614
214.613180515759	14303	14944	14670	14652
215.616045845272	14341	14970	14706	14688
216.618911174785	14381	14987	14741	14722
217.621776504298	14418	15008	14775	14756
218.624641833811	14451	15031	14811	14791
219.627507163324	14473	15064	14848	14825
220.630372492837	14510	15089	14880	14859
221.63323782235	14556	15106	14915	14894
222.636103151862	14600	15139	14948	14929
223.638968481375	14633	15188	14981	14963
224.641833810888	14655	15253	15012	14998
225.644699140401	14691	15311	15050	15037
226.647564469914	14728	15368	15089	15079
227.650429799427	14763	15443	15125	15121
228.65329512894	14789	15526	15161	15162
229.656160458453	14817	15620	15194	15204
230.659025787966	14895	15728	15250	15268
231.661891117479	14985	15849	15326	15343
232.664756446991	15046	16001	15396	15418
233.667621776504	15086	16158	15461	15493
234.670487106017	15117	16313	15518	15568
235.67335243553	15183	16447	15613	15673
236.676217765043	15244	16573	15727	15792
237.679083094556	15281	16796	15827	15911
238.681948424069	15301	17107	15933	16030
239.684813753582	15324	17451	16028	16149
240.687679083095	15387	17588	16118	16235
241.690544412607	15433	17641	16197	16306
242.69340974212	15474	17684	16268	16377
243.696275071633	15516	17746	16330	16448
244.699140401146	15546	17834	16397	16519
245.702005730659	15608	17904	16469	16590
246.704871060172	15669	17951	16549	16662
247.707736389685	15716	17989	16627	16733
248.710601719198	15750	18043	16701	16805
249.713467048711	15798	18111	16780	16876
250.716332378224	15865	18158	16853	16943
251.719197707736	15922	18189	16921	17008
252.722063037249	15974	18224	16985	17073
253.724928366762	16021	18257	17051	17137
254.727793696275	16056	18309	17120	17202
255.730659025788	16123	18340	17194	17268
256.733524355301	16182	18362	17260	17334
257.736389684814	16247	18389	17323	17399
258.739255014327	16296	18422	17385	17465
259.74212034384	16340	18459	17456	17531
260.744985673352	16380	18489	17493	17570
261.747851002865	16429	18516	17526	17600
262.750716332378	16472	18551	17557	17629
263.753581661891	16510	18592	17597	17659
264.756446991404	16542	18630	17633	17689
265.759312320917	16585	18663	17663	17718
266.76217765043	16635	18685	17692	17746
267.765042979943	16671	18716	17718	17775
268.767908309456	16708	18751	17748	17803
269.770773638968	16747	18787	17783	17831
270.773638968481	16808	18809	17823	17869
271.776504297994	16868	18833	17871	17910
272.779369627507	16923	18850	17918	17950
273.78223495702	16960	18882	17976	17991
274.785100286533	16988	18917	18031	18031
275.787965616046	17097	18951	18098	18091
276.790830945559	17172	18979	18166	18156
277.793696275072	17251	19019	18239	18221
278.796561604585	17307	19071	18334	18287
279.799426934097	17352	19130	18419	18352
280.80229226361	17424	19164	18489	18415
281.805157593123	17499	19201	18556	18477
282.808022922636	17567	19238	18631	18539
283.810888252149	17614	19278	18702	18602
284.813753581662	17655	19339	18772	18664
285.816618911175	17765	19364	18830	18730
286.819484240688	17859	19387	18892	18797
287.822349570201	17932	19415	18949	18863
288.825214899713	18028	19441	19016	18930
289.828080229226	18083	19480	19078	18997
290.830945558739	18283	19505	19139	19070
291.833810888252	18503	19526	19199	19145
292.836676217765	18704	19547	19262	19219
293.839541547278	18844	19577	19327	19294
294.842406876791	18950	19636	19400	19369
295.845272206304	19024	19664	19441	19413
296.848137535817	19107	19691	19479	19453
297.85100286533	19164	19717	19516	19492
298.853868194842	19207	19749	19550	19531
299.856733524355	19242	19797	19587	19570
300.859598853868	19270	19821	19609	19596
301.862464183381	19298	19845	19631	19619
302.865329512894	19334	19866	19652	19642
303.868194842407	19360	19893	19674	19665
304.87106017192	19383	19926	19694	19688
305.873925501433	19410	19941	19711	19705
306.876790830946	19431	19953	19729	19722
307.879656160458	19450	19969	19746	19738
308.882521489971	19469	19987	19761	19755
309.885386819484	19488	20010	19777	19772
310.888252148997	19520	20019	19794	19789
311.89111747851	19541	20029	19811	19806
312.893982808023	19560	20046	19827	19823
313.896848137536	19578	20061	19846	19840
314.899713467049	19596	20083	19862	19857
315.902578796562	19618	20094	19878	19875
316.905444126075	19643	20110	19896	19892
317.908309455587	19666	20127	19915	19909
318.9111747851	19683	20147	19931	19927
319.914040114613	19699	20169	19947	19944
320.916905444126	19718	20187	19964	19961
321.919770773639	19736	20203	19981	19977
322.922636103152	19750	20224	19996	19993
323.925501432665	19763	20243	20010	20010
324.928366762178	19776	20272	20026	20026
325.931232091691	19798	20283	20041	20041
326.934097421203	19815	20299	20057	20057
327.936962750716	19829	20317	20073	20072
328.939828080229	19843	20334	20088	20088
329.942693409742	19854	20352	20102	20103
330.945558739255	19881	20373	20118	20119
331.948424068768	19902	20391	20133	20135
332.951289398281	19918	20409	20149	20151
333.954154727794	19935	20423	20163	20167
334.957020057307	19944	20446	20178	20182
335.95988538682	19968	20461	20193	20198
336.962750716332	19990	20476	20208	20214
337.965616045845	20005	20499	20223	20230
338.968481375358	20018	20510	20237	20245
339.971346704871	20030	20539	20254	20261
340.974212034384	20066	20564	20273	20283
341.977077363897	20093	20591	20294	20304
342.97994269341	20116	20613	20314	20326
343.982808022923	20134	20650	20337	20348
344.985673352436	20145	20699	20358	20370
345.988538681948	20183	20725	20387	20401
346.991404011461	20212	20766	20417	20432
347.994269340974	20235	20809	20445	20464
348.997134670487	20249	20865	20472	20495
350	20264	20938	20502	20526
